547 755
612 207
940 414
821 210
250 332
163 977
499 109
661 435
717 688
573 105
553 153
1 62
849 187
858 933
563 746
670 642
127 585
766 230
328 741
18 897
148 730
209 443
236 237
516 250
736 302
831 49
943 896
479 777
740 903
463 156
862 85
862 62
740 853
898 726
903 721
33 140
733 113
385 597
610 791
715 180
396 561
190 119
502 55
142 405
739 333
104 710
552 772
440 670
18 864
990 547
495 339
541 241
951 389
891 647
801 394
16 183
156 916
210 388
42 921
777 292
188 963
239 434
424 382
432 628
54 91
643 109
995 346
171 986
836 929
552 71
472 578
983 955
403 116
364 944
313 649
793 831
100 435
232 753
54 476
591 353
544 678
405 265
152 460
851 487
893 26
878 580
845 119
827 721
233 981
32 573
785 390
528 614
955 135
211 29
436 993
445 543
243 305
429 570
506 542
344 903
72 833
646 734
907 286
698 203
320 69
298 781
996 658
559 801
893 334
37 93
116 37
953 244
985 898
859 256
664 384
108 429
844 749
68 177
220 658
76 70
687 196
769 829
465 177
576 185
635 596
820 472
910 335
113 581
795 718
451 452
684 328
701 550
874 566
980 923
876 810
748 263
948 651
323 87
202 624
920 573
270 42
230 805
988 40
54 204
245 695
453 670
724 133
441 553
942 870
278 901
702 238
24 565
788 653
110 639
483 621
361 418
313 884
62 508
195 789
386 983
69 17
731 529
926 95
309 283
118 690
607 743
711 546
208 422
704 66
802 132
858 978
133 710
995 195
47 687
638 6
787 957
20 964
142 730
567 411
112 153
183 399
302 823
807 868
319 12
984 362
98 881
423 186
214 101
815 933
919 308
510 461
857 527
982 1
160 287
442 804
884 404
305 859
573 549
742 558
57 573
947 829
470 219
333 164
861 296
339 216
725 605
170 71
204 905
331 108
756 6
508 383
547 611
958 825
944 899
316 115
27 964
428 37
167 102
573 244
389 682
243 847
390 751
473 961
795 809
544 371
521 207
781 769
818 443
95 593
947 219
835 363
205 497
511 548
464 961
971 425
206 213
615 90
531 770
352 765
548 408
58 817
41 705
469 458
367 675
576 900
50 254
811 886
662 2
516 876
167 803
466 855
92 546
502 691
522 703
639 185
175 523
383 504
525 38
369 439
219 441
834 69
857 444
921 706
528 148
232 704
359 567
623 584
735 422
706 153
801 24
152 796
283 67
463 852
683 945
508 68
418 747
803 415
536 461
205 212
218 18
409 342
403 721
404 550
510 301
834 263
441 301
21 98
711 747
284 238
845 90
35 178
931 228
88 891
516 1
526 345
898 927
484 437
194 120
179 824
516 246
595 866
961 118
267 829
129 5
732 824
344 42
359 452
804 159
388 987
421 824
271 26
202 497
573 941
658 106
996 108
850 57
350 884
387 233
630 512
883 220
711 652
139 504
545 43
574 710
172 880
259 42
305 835
211 972
705 319
506 860
96 470
148 652
903 599
568 996
652 269
89 148
497 975
691 787
953 437
919 457
597 835
860 660
177 946
662 796
305 10
231 7
681 343
362 705
558 171
739 16
3 870
976 623
349 848
89 541
131 574
573 142
685 852
568 368
571 304
425 431
933 142
363 465
931 768
793 528
411 415
334 73
58 43
483 503
372 962
427 730
956 216
475 680
744 567
173 578
14 57
219 427
267 492
965 550
268 883
375 204
899 825
50 284
731 26
102 863
626 732
428 860
26 565
186 418
39 400
106 716
827 237
585 748
337 698
390 330
874 671
205 971
599 847
161 519
554 376
976 446
484 634
323 458
300 132
536 644
719 956
875 761
330 690
101 338
14 721
277 222
460 949
327 856
273 406
78 64
999 25
240 354
248 793
974 798
990 854
540 346
988 672
751 37
298 256
857 945
743 557
806 851
277 615
763 560
171 680
170 538
65 581
615 999
3 818
251 881
708 461
548 220
526 722
712 249
660 203
171 193
530 201
194 148
390 138
795 590
574 122
818 59
105 888
259 295
732 889
658 657
847 97
659 931
165 158
624 777
459 903
560 900
173 853
451 706
186 304
501 645
593 736
736 653
903 831
854 109
673 95
211 509
233 187
371 618
807 318
687 216
54 766
960 653
754 388
149 206
530 246
219 603
531 929
4 389
957 954
934 23
559 976
11 555
496 657
606 467
118 162
573 420
195 629
369 61
819 134
871 490
141 624
618 651
516 983
294 946
589 936
346 589
366 735
786 790
310 667
378 704
94 257
616 140
698 662
116 473
162 163
320 846
482 850
681 685
776 572
829 841
86 950
582 129
932 822
19 871
965 768
287 108
937 475
213 530
478 569
329 782
90 220
359 753
123 224
820 656
479 525
913 175
189 127
509 738
72 117
666 25
145 95
758 136
551 664
27 455
344 720
65 161
581 238
509 471
839 902
19 192
441 407
428 870
388 531
807 850
240 64
67 855
972 550
654 275
118 338
804 220
371 859
837 519
159 173
967 285
638 784
127 364
941 437
414 972
523 102
820 83
908 657
93 701
165 815
700 940
27 712
81 999
620 173
601 452
399 107
873 996
51 650
411 717
779 652
895 205
622 858
674 320
187 659
533 262
445 610
153 624
70 997
142 520
111 619
992 465
671 607
826 668
656 538
349 543
594 321
961 781
1000 335
633 49
710 85
738 464
196 201
726 298
875 936
217 991
39 488
807 425
147 318
654 617
866 381
682 403
429 609
97 452
600 286
713 947
749 929
513 575
367 159
761 59
599 597
938 285
246 233
744 279
48 825
423 658
958 890
710 905
539 497
761 818
591 630
538 720
599 139
256 579
635 369
652 28
865 413
45 367
938 535
381 15
147 748
711 595
359 690
839 724
459 942
211 881
211 645
452 189
201 847
353 786
808 292
518 506
946 470
338 977
661 630
420 871
521 99
122 965
172 701
381 881
315 293
591 850
865 412
883 627
16 845
816 710
481 465
125 365
212 47
883 560
511 874
164 799
549 883
50 34
965 773
600 265
389 959
251 201
463 518
946 344
155 313
951 271
60 703
811 410
462 446
613 567
259 178
165 950
701 35
798 569
10 407
931 320
334 976
21 998
311 527
750 799
633 703
364 939
152 741
612 846
285 282
835 26
674 774
359 100
354 665
508 701
925 505
224 896
601 347
503 529
309 323
585 440
425 102
130 806
147 974
390 959
933 711
761 906
942 952
927 431
882 828
241 109
253 701
897 757
509 412
916 884
291 181
970 449
496 364
576 828
629 570
267 205
573 304
907 766
638 139
472 948
516 627
234 702
548 601
488 194
545 258
655 619
245 436
864 834
372 766
857 335
196 16
402 686
405 740
196 898
122 536
656 408
863 607
846 235
305 50
258 629
800 266
99 26
647 143
257 378
306 243
109 41
877 23
923 187
370 238
672 394
520 78
701 430
170 247
842 446
509 161
253 783
801 661
451 326
580 170
790 871
671 8
856 304
812 674
123 468
100 235
475 467
959 647
138 841
846 708
925 440
433 585
620 91
589 326
841 119
89 531
635 581
600 416
675 635
169 818
895 803
127 319
55 23
55 536
811 282
223 821
515 321
685 35
170 364
49 849
660 74
794 974
620 986
879 84
92 454
321 727
418 772
333 408
649 484
645 158
125 62
574 332
787 80
506 64
188 708
488 835
166 881
747 818
603 748
88 262
747 100
264 992
101 297
658 183
993 856
778 9
549 257
383 396
950 721
319 88
501 687
464 462
319 445
549 38
101 946
990 446
801 93
297 670
768 937
51 767
297 55
943 879
367 63
857 319
776 653
526 658
790 737
868 280
883 332
702 605
164 547
178 249
588 639
936 689
97 424
672 654
463 471
559 316
675 403
695 553
391 318
555 988
152 834
248 273
766 466
225 73
502 139
964 521
526 389
97 491
307 455
354 893
556 799
711 337
641 773
104 935
296 81
159 726
914 407
393 163
618 76
512 411
860 903
516 713
276 449
508 938
100 731
300 519
520 100
131 387
994 348
68 185
660 354
965 981
699 502
159 965
672 889
446 95
643 848
259 498
145 639
391 455
847 249
38 227
153 130
437 557
786 337
858 647
845 990
268 598
736 200
549 792
842 581
752 444
797 281
508 638
745 1
379 435
27 840
629 313
321 909
620 41
385 580
808 280
189 912
84 678
425 281
43 912
68 471
616 206
928 539
365 104
901 559
693 884
915 959
116 845
434 540
772 847
731 404
323 908
43 996
443 359
152 137
176 55
907 465
537 393
684 965
858 441
808 325
561 324
521 728
233 101
160 282
81 766
836 725
151 704
49 205
940 833
349 938
368 965
382 257
446 371
376 136
332 388
438 561
894 940
780 221
355 243
398 875
57 575
530 401
897 939
670 978
531 627
811 50
1000 208
73 771
59 198
859 342
95 748
194 288
206 980
987 9
705 254
498 102
25 506
472 834
791 976
981 854
583 123
256 697
750 226
465 860
491 207
652 308
303 503
826 39
790 405
487 948
805 116
728 622
855 952
389 820